First configuration
1. 0.005 5.e-3
-0.97000436 0.24308753 0.4662036850 0.4323657300 1. 0.05
0.97000436 -0.24308753 0.4662036850 0.4323657300 1. 0.05
0. 0. -0.93240737 -0.86473146 1. 0.05
fine

Second configuration
1. 0.005 5.e-3
1. 0. 0. 0.978318 1. 0.05
0. 1.0 -0.978318 0 1. 0.05
-1. 0. 0. -0.978318 1. 0.05
0. -1. 0.978318 0. 1. 0.05
fine

Third configuration
1. 0.005 5.e-3
-0.5 0. 0. -0.7071067812 1. 0.05
0.5 0. 0. 0.7071067812 1. 0.05
fine

Fourth configuration
1. 0.005 5.e-3
-0.5 0. 0. -0.7071067812 1. 0.05
0.5 0. 0. 0.7071067812 1. 0.05
0. 0. 0. 1. 1. 0.05
0. 0.5 1. 0. 1. 0.05
0. -0.5 0. 0. 1. 0.05
fine

Fifth configuration
1. 0.005 5.e-3
-0.97000436 0.24308753 0.4662036850 0.4323657300 1. 0.05
0.97000436 -0.24308753 0.4662036850 0.4323657300 1. 0.05
0. 0. -0.93240737 -0.86473146 1. 0.05
fine

Sixth configuration
1. 0.005 5.e-3
-0.97000436 0.24308753 0.4662036850 0.4323657300 1. 0.05
0.97000436 -0.24308753 0.4662036850 0.4323657300 1. 0.05
0. 0. -0.93240737 -0.86473146 1. 0.05
fine

Seventh configuration
1. 0.005 5.e-3
-0.97000436 0.24308753 0.4662036850 0.4323657300 1. 0.05
0.97000436 -0.24308753 0.4662036850 0.4323657300 1. 0.05
0. 0. -0.93240737 -0.86473146 1. 0.05
fine